[LEFT_CAM_2K]
cx=1142.85
cy=661.308
fx=1399.89
fy=1399.89
k1=-0.173109
k2=0.0275108

[LEFT_CAM_FHD]
cx=998.849
cy=580.308
fx=1399.89
fy=1399.89
k1=-0.173109
k2=0.0275108

[LEFT_CAM_HD]
cx=657.925
cy=378.654
fx=699.943
fy=699.943
k1=-0.173109
k2=0.0275108

[LEFT_CAM_VGA]
cx=343.962
cy=196.327
fx=349.971
fy=349.971
k1=-0.173109
k2=0.0275108

[RIGHT_CAM_2K]
cx=1168.73
cy=654.088
fx=1399.93
fy=1399.93
k1=-0.172569
k2=0.0273725

[RIGHT_CAM_FHD]
cx=1024.73
cy=573.088
fx=1399.93
fy=1399.93
k1=-0.172569
k2=0.0273725

[RIGHT_CAM_HD]
cx=670.865
cy=375.044
fx=699.963
fy=699.963
k1=-0.172569
k2=0.0273725

[RIGHT_CAM_VGA]
cx=350.432
cy=194.522
fx=349.981
fy=349.981
k1=-0.172569
k2=0.0273725

[STEREO]
BaseLine=120.052
CV_2K=-0.000637862
CV_FHD=-0.000637862
CV_HD=-0.000637862
CV_VGA=-0.000637862
RX_2K=0.00555597
RX_FHD=0.00555597
RX_HD=0.00555597
RX_VGA=0.00555597
RZ_2K=-0.00298545
RZ_FHD=-0.00298545
RZ_HD=-0.00298545
RZ_VGA=-0.00298545
